{
 "cells": [
  {
   "cell_type": "code",
   "execution_count": 1,
   "metadata": {},
   "outputs": [],
   "source": [
    "import numpy as np"
   ]
  },
  {
   "cell_type": "markdown",
   "metadata": {},
   "source": []
  },
  {
   "cell_type": "code",
   "execution_count": 4,
   "metadata": {},
   "outputs": [],
   "source": [
    "# grid of 16x16 in [0,2*pi]x[0,2*pi]\n",
    "x = np.linspace(0, 2*np.pi, 16, endpoint=False)\n",
    "y = np.linspace(0, 2*np.pi, 16, endpoint=False)\n",
    "X, Y = np.meshgrid(x, y)\n"
   ]
  },
  {
   "cell_type": "code",
   "execution_count": 5,
   "metadata": {},
   "outputs": [
    {
     "data": {
      "text/plain": [
       "array([[ 0.00000000e+00,  7.65366865e-01,  1.41421356e+00,\n",
       "         1.84775907e+00,  2.00000000e+00,  1.84775907e+00,\n",
       "         1.41421356e+00,  7.65366865e-01,  2.44929360e-16,\n",
       "        -7.65366865e-01, -1.41421356e+00, -1.84775907e+00,\n",
       "        -2.00000000e+00, -1.84775907e+00, -1.41421356e+00,\n",
       "        -7.65366865e-01],\n",
       "       [ 7.65366865e-01,  1.47247365e+00,  2.01366975e+00,\n",
       "         2.30656296e+00,  2.30656296e+00,  2.01366975e+00,\n",
       "         1.47247365e+00,  7.65366865e-01,  2.22044605e-16,\n",
       "        -7.07106781e-01, -1.24830288e+00, -1.54119610e+00,\n",
       "        -1.54119610e+00, -1.24830288e+00, -7.07106781e-01,\n",
       "        -8.55552023e-16],\n",
       "       [ 1.41421356e+00,  2.01366975e+00,  2.41421356e+00,\n",
       "         2.55486585e+00,  2.41421356e+00,  2.01366975e+00,\n",
       "         1.41421356e+00,  7.07106781e-01,  1.11022302e-16,\n",
       "        -5.99456184e-01, -1.00000000e+00, -1.14065228e+00,\n",
       "        -1.00000000e+00, -5.99456184e-01, -4.66973965e-16,\n",
       "         7.07106781e-01],\n",
       "       [ 1.84775907e+00,  2.30656296e+00,  2.55486585e+00,\n",
       "         2.55486585e+00,  2.30656296e+00,  1.84775907e+00,\n",
       "         1.24830288e+00,  5.99456184e-01,  3.33066907e-16,\n",
       "        -4.58803900e-01, -7.07106781e-01, -7.07106781e-01,\n",
       "        -4.58803900e-01, -1.33907057e-16,  5.99456184e-01,\n",
       "         1.24830288e+00],\n",
       "       [ 2.00000000e+00,  2.30656296e+00,  2.41421356e+00,\n",
       "         2.30656296e+00,  2.00000000e+00,  1.54119610e+00,\n",
       "         1.00000000e+00,  4.58803900e-01,  2.22044605e-16,\n",
       "        -3.06562965e-01, -4.14213562e-01, -3.06562965e-01,\n",
       "        -2.44929360e-16,  4.58803900e-01,  1.00000000e+00,\n",
       "         1.54119610e+00],\n",
       "       [ 1.84775907e+00,  2.01366975e+00,  2.01366975e+00,\n",
       "         1.84775907e+00,  1.54119610e+00,  1.14065228e+00,\n",
       "         7.07106781e-01,  3.06562965e-01,  2.22044605e-16,\n",
       "        -1.65910681e-01, -1.65910681e-01, -2.28847549e-17,\n",
       "         3.06562965e-01,  7.07106781e-01,  1.14065228e+00,\n",
       "         1.54119610e+00],\n",
       "       [ 1.41421356e+00,  1.47247365e+00,  1.41421356e+00,\n",
       "         1.24830288e+00,  1.00000000e+00,  7.07106781e-01,\n",
       "         4.14213562e-01,  1.65910681e-01,  0.00000000e+00,\n",
       "        -5.82600835e-02, -1.33907057e-16,  1.65910681e-01,\n",
       "         4.14213562e-01,  7.07106781e-01,  1.00000000e+00,\n",
       "         1.24830288e+00],\n",
       "       [ 7.65366865e-01,  7.65366865e-01,  7.07106781e-01,\n",
       "         5.99456184e-01,  4.58803900e-01,  3.06562965e-01,\n",
       "         1.65910681e-01,  5.82600835e-02, -3.88578059e-16,\n",
       "        -2.28847549e-17,  5.82600835e-02,  1.65910681e-01,\n",
       "         3.06562965e-01,  4.58803900e-01,  5.99456184e-01,\n",
       "         7.07106781e-01],\n",
       "       [ 2.44929360e-16,  2.22044605e-16,  1.11022302e-16,\n",
       "         3.33066907e-16,  2.22044605e-16,  2.22044605e-16,\n",
       "         0.00000000e+00, -3.88578059e-16,  0.00000000e+00,\n",
       "         3.88578059e-16,  0.00000000e+00,  1.11022302e-16,\n",
       "         1.11022302e-16,  2.22044605e-16,  7.77156117e-16,\n",
       "         2.22044605e-16],\n",
       "       [-7.65366865e-01, -7.07106781e-01, -5.99456184e-01,\n",
       "        -4.58803900e-01, -3.06562965e-01, -1.65910681e-01,\n",
       "        -5.82600835e-02, -2.28847549e-17,  3.88578059e-16,\n",
       "        -5.82600835e-02, -1.65910681e-01, -3.06562965e-01,\n",
       "        -4.58803900e-01, -5.99456184e-01, -7.07106781e-01,\n",
       "        -7.65366865e-01],\n",
       "       [-1.41421356e+00, -1.24830288e+00, -1.00000000e+00,\n",
       "        -7.07106781e-01, -4.14213562e-01, -1.65910681e-01,\n",
       "        -1.33907057e-16,  5.82600835e-02,  0.00000000e+00,\n",
       "        -1.65910681e-01, -4.14213562e-01, -7.07106781e-01,\n",
       "        -1.00000000e+00, -1.24830288e+00, -1.41421356e+00,\n",
       "        -1.47247365e+00],\n",
       "       [-1.84775907e+00, -1.54119610e+00, -1.14065228e+00,\n",
       "        -7.07106781e-01, -3.06562965e-01, -2.28847549e-17,\n",
       "         1.65910681e-01,  1.65910681e-01,  1.11022302e-16,\n",
       "        -3.06562965e-01, -7.07106781e-01, -1.14065228e+00,\n",
       "        -1.54119610e+00, -1.84775907e+00, -2.01366975e+00,\n",
       "        -2.01366975e+00],\n",
       "       [-2.00000000e+00, -1.54119610e+00, -1.00000000e+00,\n",
       "        -4.58803900e-01, -2.44929360e-16,  3.06562965e-01,\n",
       "         4.14213562e-01,  3.06562965e-01,  1.11022302e-16,\n",
       "        -4.58803900e-01, -1.00000000e+00, -1.54119610e+00,\n",
       "        -2.00000000e+00, -2.30656296e+00, -2.41421356e+00,\n",
       "        -2.30656296e+00],\n",
       "       [-1.84775907e+00, -1.24830288e+00, -5.99456184e-01,\n",
       "        -1.33907057e-16,  4.58803900e-01,  7.07106781e-01,\n",
       "         7.07106781e-01,  4.58803900e-01,  2.22044605e-16,\n",
       "        -5.99456184e-01, -1.24830288e+00, -1.84775907e+00,\n",
       "        -2.30656296e+00, -2.55486585e+00, -2.55486585e+00,\n",
       "        -2.30656296e+00],\n",
       "       [-1.41421356e+00, -7.07106781e-01, -4.66973965e-16,\n",
       "         5.99456184e-01,  1.00000000e+00,  1.14065228e+00,\n",
       "         1.00000000e+00,  5.99456184e-01,  7.77156117e-16,\n",
       "        -7.07106781e-01, -1.41421356e+00, -2.01366975e+00,\n",
       "        -2.41421356e+00, -2.55486585e+00, -2.41421356e+00,\n",
       "        -2.01366975e+00],\n",
       "       [-7.65366865e-01, -8.55552023e-16,  7.07106781e-01,\n",
       "         1.24830288e+00,  1.54119610e+00,  1.54119610e+00,\n",
       "         1.24830288e+00,  7.07106781e-01,  2.22044605e-16,\n",
       "        -7.65366865e-01, -1.47247365e+00, -2.01366975e+00,\n",
       "        -2.30656296e+00, -2.30656296e+00, -2.01366975e+00,\n",
       "        -1.47247365e+00]])"
      ]
     },
     "execution_count": 5,
     "metadata": {},
     "output_type": "execute_result"
    }
   ],
   "source": [
    "np.sin(X) + np.sin(Y) + np.sin(X+Y)"
   ]
  },
  {
   "cell_type": "code",
   "execution_count": 9,
   "metadata": {},
   "outputs": [
    {
     "data": {
      "text/plain": [
       "array([[ 2.00000000e+00,  1.84775907e+00,  1.41421356e+00,\n",
       "         7.65366865e-01,  1.22464680e-16, -7.65366865e-01,\n",
       "        -1.41421356e+00, -1.84775907e+00, -2.00000000e+00,\n",
       "        -1.84775907e+00, -1.41421356e+00, -7.65366865e-01,\n",
       "        -3.67394040e-16,  7.65366865e-01,  1.41421356e+00,\n",
       "         1.84775907e+00],\n",
       "       [ 1.92387953e+00,  1.63098631e+00,  1.08979021e+00,\n",
       "         3.82683432e-01, -3.82683432e-01, -1.08979021e+00,\n",
       "        -1.63098631e+00, -1.92387953e+00, -1.92387953e+00,\n",
       "        -1.63098631e+00, -1.08979021e+00, -3.82683432e-01,\n",
       "         3.82683432e-01,  1.08979021e+00,  1.63098631e+00,\n",
       "         1.92387953e+00],\n",
       "       [ 1.70710678e+00,  1.30656296e+00,  7.07106781e-01,\n",
       "         1.11022302e-16, -7.07106781e-01, -1.30656296e+00,\n",
       "        -1.70710678e+00, -1.84775907e+00, -1.70710678e+00,\n",
       "        -1.30656296e+00, -7.07106781e-01, -1.16573418e-15,\n",
       "         7.07106781e-01,  1.30656296e+00,  1.70710678e+00,\n",
       "         1.84775907e+00],\n",
       "       [ 1.38268343e+00,  9.23879533e-01,  3.24423349e-01,\n",
       "        -3.24423349e-01, -9.23879533e-01, -1.38268343e+00,\n",
       "        -1.63098631e+00, -1.63098631e+00, -1.38268343e+00,\n",
       "        -9.23879533e-01, -3.24423349e-01,  3.24423349e-01,\n",
       "         9.23879533e-01,  1.38268343e+00,  1.63098631e+00,\n",
       "         1.63098631e+00],\n",
       "       [ 1.00000000e+00,  5.41196100e-01,  1.11022302e-16,\n",
       "        -5.41196100e-01, -1.00000000e+00, -1.30656296e+00,\n",
       "        -1.41421356e+00, -1.30656296e+00, -1.00000000e+00,\n",
       "        -5.41196100e-01, -3.33066907e-16,  5.41196100e-01,\n",
       "         1.00000000e+00,  1.30656296e+00,  1.41421356e+00,\n",
       "         1.30656296e+00],\n",
       "       [ 6.17316568e-01,  2.16772751e-01, -2.16772751e-01,\n",
       "        -6.17316568e-01, -9.23879533e-01, -1.08979021e+00,\n",
       "        -1.08979021e+00, -9.23879533e-01, -6.17316568e-01,\n",
       "        -2.16772751e-01,  2.16772751e-01,  6.17316568e-01,\n",
       "         9.23879533e-01,  1.08979021e+00,  1.08979021e+00,\n",
       "         9.23879533e-01],\n",
       "       [ 2.92893219e-01,  0.00000000e+00, -2.92893219e-01,\n",
       "        -5.41196100e-01, -7.07106781e-01, -7.65366865e-01,\n",
       "        -7.07106781e-01, -5.41196100e-01, -2.92893219e-01,\n",
       "        -3.33066907e-16,  2.92893219e-01,  5.41196100e-01,\n",
       "         7.07106781e-01,  7.65366865e-01,  7.07106781e-01,\n",
       "         5.41196100e-01],\n",
       "       [ 7.61204675e-02, -7.61204675e-02, -2.16772751e-01,\n",
       "        -3.24423349e-01, -3.82683432e-01, -3.82683432e-01,\n",
       "        -3.24423349e-01, -2.16772751e-01, -7.61204675e-02,\n",
       "         7.61204675e-02,  2.16772751e-01,  3.24423349e-01,\n",
       "         3.82683432e-01,  3.82683432e-01,  3.24423349e-01,\n",
       "         2.16772751e-01],\n",
       "       [ 0.00000000e+00, -1.11022302e-16, -1.11022302e-16,\n",
       "        -4.99600361e-16, -1.22464680e-16,  2.77555756e-16,\n",
       "        -1.11022302e-16, -2.22044605e-16,  0.00000000e+00,\n",
       "        -1.11022302e-16,  0.00000000e+00,  1.11022302e-16,\n",
       "         1.22464680e-16,  1.11022302e-16,  6.66133815e-16,\n",
       "         1.11022302e-16],\n",
       "       [ 7.61204675e-02,  2.16772751e-01,  3.24423349e-01,\n",
       "         3.82683432e-01,  3.82683432e-01,  3.24423349e-01,\n",
       "         2.16772751e-01,  7.61204675e-02, -7.61204675e-02,\n",
       "        -2.16772751e-01, -3.24423349e-01, -3.82683432e-01,\n",
       "        -3.82683432e-01, -3.24423349e-01, -2.16772751e-01,\n",
       "        -7.61204675e-02],\n",
       "       [ 2.92893219e-01,  5.41196100e-01,  7.07106781e-01,\n",
       "         7.65366865e-01,  7.07106781e-01,  5.41196100e-01,\n",
       "         2.92893219e-01,  0.00000000e+00, -2.92893219e-01,\n",
       "        -5.41196100e-01, -7.07106781e-01, -7.65366865e-01,\n",
       "        -7.07106781e-01, -5.41196100e-01, -2.92893219e-01,\n",
       "        -8.88178420e-16],\n",
       "       [ 6.17316568e-01,  9.23879533e-01,  1.08979021e+00,\n",
       "         1.08979021e+00,  9.23879533e-01,  6.17316568e-01,\n",
       "         2.16772751e-01, -2.16772751e-01, -6.17316568e-01,\n",
       "        -9.23879533e-01, -1.08979021e+00, -1.08979021e+00,\n",
       "        -9.23879533e-01, -6.17316568e-01, -2.16772751e-01,\n",
       "         2.16772751e-01],\n",
       "       [ 1.00000000e+00,  1.30656296e+00,  1.41421356e+00,\n",
       "         1.30656296e+00,  1.00000000e+00,  5.41196100e-01,\n",
       "         2.22044605e-16, -5.41196100e-01, -1.00000000e+00,\n",
       "        -1.30656296e+00, -1.41421356e+00, -1.30656296e+00,\n",
       "        -1.00000000e+00, -5.41196100e-01,  2.22044605e-16,\n",
       "         5.41196100e-01],\n",
       "       [ 1.38268343e+00,  1.63098631e+00,  1.63098631e+00,\n",
       "         1.38268343e+00,  9.23879533e-01,  3.24423349e-01,\n",
       "        -3.24423349e-01, -9.23879533e-01, -1.38268343e+00,\n",
       "        -1.63098631e+00, -1.63098631e+00, -1.38268343e+00,\n",
       "        -9.23879533e-01, -3.24423349e-01,  3.24423349e-01,\n",
       "         9.23879533e-01],\n",
       "       [ 1.70710678e+00,  1.84775907e+00,  1.70710678e+00,\n",
       "         1.30656296e+00,  7.07106781e-01,  7.21644966e-16,\n",
       "        -7.07106781e-01, -1.30656296e+00, -1.70710678e+00,\n",
       "        -1.84775907e+00, -1.70710678e+00, -1.30656296e+00,\n",
       "        -7.07106781e-01, -5.55111512e-16,  7.07106781e-01,\n",
       "         1.30656296e+00],\n",
       "       [ 1.92387953e+00,  1.92387953e+00,  1.63098631e+00,\n",
       "         1.08979021e+00,  3.82683432e-01, -3.82683432e-01,\n",
       "        -1.08979021e+00, -1.63098631e+00, -1.92387953e+00,\n",
       "        -1.92387953e+00, -1.63098631e+00, -1.08979021e+00,\n",
       "        -3.82683432e-01,  3.82683432e-01,  1.08979021e+00,\n",
       "         1.63098631e+00]])"
      ]
     },
     "execution_count": 9,
     "metadata": {},
     "output_type": "execute_result"
    }
   ],
   "source": [
    "np.cos(X) + np.cos(X+Y)"
   ]
  },
  {
   "cell_type": "code",
   "execution_count": 7,
   "metadata": {},
   "outputs": [
    {
     "data": {
      "text/plain": [
       "array([[ 2.00000000e+00,  1.92387953e+00,  1.70710678e+00,\n",
       "         1.38268343e+00,  1.00000000e+00,  6.17316568e-01,\n",
       "         2.92893219e-01,  7.61204675e-02,  0.00000000e+00,\n",
       "         7.61204675e-02,  2.92893219e-01,  6.17316568e-01,\n",
       "         1.00000000e+00,  1.38268343e+00,  1.70710678e+00,\n",
       "         1.92387953e+00],\n",
       "       [ 1.84775907e+00,  1.63098631e+00,  1.30656296e+00,\n",
       "         9.23879533e-01,  5.41196100e-01,  2.16772751e-01,\n",
       "         0.00000000e+00, -7.61204675e-02, -1.11022302e-16,\n",
       "         2.16772751e-01,  5.41196100e-01,  9.23879533e-01,\n",
       "         1.30656296e+00,  1.63098631e+00,  1.84775907e+00,\n",
       "         1.92387953e+00],\n",
       "       [ 1.41421356e+00,  1.08979021e+00,  7.07106781e-01,\n",
       "         3.24423349e-01,  1.11022302e-16, -2.16772751e-01,\n",
       "        -2.92893219e-01, -2.16772751e-01, -1.11022302e-16,\n",
       "         3.24423349e-01,  7.07106781e-01,  1.08979021e+00,\n",
       "         1.41421356e+00,  1.63098631e+00,  1.70710678e+00,\n",
       "         1.63098631e+00],\n",
       "       [ 7.65366865e-01,  3.82683432e-01,  1.11022302e-16,\n",
       "        -3.24423349e-01, -5.41196100e-01, -6.17316568e-01,\n",
       "        -5.41196100e-01, -3.24423349e-01, -4.99600361e-16,\n",
       "         3.82683432e-01,  7.65366865e-01,  1.08979021e+00,\n",
       "         1.30656296e+00,  1.38268343e+00,  1.30656296e+00,\n",
       "         1.08979021e+00],\n",
       "       [ 1.22464680e-16, -3.82683432e-01, -7.07106781e-01,\n",
       "        -9.23879533e-01, -1.00000000e+00, -9.23879533e-01,\n",
       "        -7.07106781e-01, -3.82683432e-01, -1.22464680e-16,\n",
       "         3.82683432e-01,  7.07106781e-01,  9.23879533e-01,\n",
       "         1.00000000e+00,  9.23879533e-01,  7.07106781e-01,\n",
       "         3.82683432e-01],\n",
       "       [-7.65366865e-01, -1.08979021e+00, -1.30656296e+00,\n",
       "        -1.38268343e+00, -1.30656296e+00, -1.08979021e+00,\n",
       "        -7.65366865e-01, -3.82683432e-01,  2.77555756e-16,\n",
       "         3.24423349e-01,  5.41196100e-01,  6.17316568e-01,\n",
       "         5.41196100e-01,  3.24423349e-01,  7.21644966e-16,\n",
       "        -3.82683432e-01],\n",
       "       [-1.41421356e+00, -1.63098631e+00, -1.70710678e+00,\n",
       "        -1.63098631e+00, -1.41421356e+00, -1.08979021e+00,\n",
       "        -7.07106781e-01, -3.24423349e-01, -1.11022302e-16,\n",
       "         2.16772751e-01,  2.92893219e-01,  2.16772751e-01,\n",
       "         2.22044605e-16, -3.24423349e-01, -7.07106781e-01,\n",
       "        -1.08979021e+00],\n",
       "       [-1.84775907e+00, -1.92387953e+00, -1.84775907e+00,\n",
       "        -1.63098631e+00, -1.30656296e+00, -9.23879533e-01,\n",
       "        -5.41196100e-01, -2.16772751e-01, -2.22044605e-16,\n",
       "         7.61204675e-02,  0.00000000e+00, -2.16772751e-01,\n",
       "        -5.41196100e-01, -9.23879533e-01, -1.30656296e+00,\n",
       "        -1.63098631e+00],\n",
       "       [-2.00000000e+00, -1.92387953e+00, -1.70710678e+00,\n",
       "        -1.38268343e+00, -1.00000000e+00, -6.17316568e-01,\n",
       "        -2.92893219e-01, -7.61204675e-02,  0.00000000e+00,\n",
       "        -7.61204675e-02, -2.92893219e-01, -6.17316568e-01,\n",
       "        -1.00000000e+00, -1.38268343e+00, -1.70710678e+00,\n",
       "        -1.92387953e+00],\n",
       "       [-1.84775907e+00, -1.63098631e+00, -1.30656296e+00,\n",
       "        -9.23879533e-01, -5.41196100e-01, -2.16772751e-01,\n",
       "        -3.33066907e-16,  7.61204675e-02, -1.11022302e-16,\n",
       "        -2.16772751e-01, -5.41196100e-01, -9.23879533e-01,\n",
       "        -1.30656296e+00, -1.63098631e+00, -1.84775907e+00,\n",
       "        -1.92387953e+00],\n",
       "       [-1.41421356e+00, -1.08979021e+00, -7.07106781e-01,\n",
       "        -3.24423349e-01, -3.33066907e-16,  2.16772751e-01,\n",
       "         2.92893219e-01,  2.16772751e-01,  0.00000000e+00,\n",
       "        -3.24423349e-01, -7.07106781e-01, -1.08979021e+00,\n",
       "        -1.41421356e+00, -1.63098631e+00, -1.70710678e+00,\n",
       "        -1.63098631e+00],\n",
       "       [-7.65366865e-01, -3.82683432e-01, -1.16573418e-15,\n",
       "         3.24423349e-01,  5.41196100e-01,  6.17316568e-01,\n",
       "         5.41196100e-01,  3.24423349e-01,  1.11022302e-16,\n",
       "        -3.82683432e-01, -7.65366865e-01, -1.08979021e+00,\n",
       "        -1.30656296e+00, -1.38268343e+00, -1.30656296e+00,\n",
       "        -1.08979021e+00],\n",
       "       [-3.67394040e-16,  3.82683432e-01,  7.07106781e-01,\n",
       "         9.23879533e-01,  1.00000000e+00,  9.23879533e-01,\n",
       "         7.07106781e-01,  3.82683432e-01,  1.22464680e-16,\n",
       "        -3.82683432e-01, -7.07106781e-01, -9.23879533e-01,\n",
       "        -1.00000000e+00, -9.23879533e-01, -7.07106781e-01,\n",
       "        -3.82683432e-01],\n",
       "       [ 7.65366865e-01,  1.08979021e+00,  1.30656296e+00,\n",
       "         1.38268343e+00,  1.30656296e+00,  1.08979021e+00,\n",
       "         7.65366865e-01,  3.82683432e-01,  1.11022302e-16,\n",
       "        -3.24423349e-01, -5.41196100e-01, -6.17316568e-01,\n",
       "        -5.41196100e-01, -3.24423349e-01, -5.55111512e-16,\n",
       "         3.82683432e-01],\n",
       "       [ 1.41421356e+00,  1.63098631e+00,  1.70710678e+00,\n",
       "         1.63098631e+00,  1.41421356e+00,  1.08979021e+00,\n",
       "         7.07106781e-01,  3.24423349e-01,  6.66133815e-16,\n",
       "        -2.16772751e-01, -2.92893219e-01, -2.16772751e-01,\n",
       "         2.22044605e-16,  3.24423349e-01,  7.07106781e-01,\n",
       "         1.08979021e+00],\n",
       "       [ 1.84775907e+00,  1.92387953e+00,  1.84775907e+00,\n",
       "         1.63098631e+00,  1.30656296e+00,  9.23879533e-01,\n",
       "         5.41196100e-01,  2.16772751e-01,  1.11022302e-16,\n",
       "        -7.61204675e-02, -8.88178420e-16,  2.16772751e-01,\n",
       "         5.41196100e-01,  9.23879533e-01,  1.30656296e+00,\n",
       "         1.63098631e+00]])"
      ]
     },
     "execution_count": 7,
     "metadata": {},
     "output_type": "execute_result"
    }
   ],
   "source": [
    "np.cos(Y) + np.cos(X+Y)"
   ]
  },
  {
   "cell_type": "code",
   "execution_count": null,
   "metadata": {},
   "outputs": [],
   "source": []
  }
 ],
 "metadata": {
  "kernelspec": {
   "display_name": "Python 3",
   "language": "python",
   "name": "python3"
  },
  "language_info": {
   "codemirror_mode": {
    "name": "ipython",
    "version": 3
   },
   "file_extension": ".py",
   "mimetype": "text/x-python",
   "name": "python",
   "nbconvert_exporter": "python",
   "pygments_lexer": "ipython3",
   "version": "3.11.6"
  }
 },
 "nbformat": 4,
 "nbformat_minor": 2
}
